[ 1.          0.82783397 -0.85714509 -0.92311095  0.9049202  -0.90260248],[ 0.82783397  1.         -0.84086863 -0.87287773  0.8893592  -0.88972085],[-0.85714509 -0.84086863  1.          0.96081465 -0.97447454  0.97042897],[-0.92311095 -0.87287773  0.96081465  1.         -0.98899061  0.98918506],[ 0.9049202   0.8893592  -0.97447454 -0.98899061  1.         -0.99878588],[-0.90260248 -0.88972085  0.97042897  0.98918506 -0.99878588  1.        ]
